0.1
0.9230946527350953
0.9439535955746773
0.9396511985248924
0.9371542716656422
0.9443761524277812
0.9701137062077443
0.9719575906576521
0.9729947756607252
0.9741856177012908
0.9749154886293793
0.9760295021511985
0.9758374308543332
0.9768362015980332
0.9774124154886293
0.9778733866011063
0.9773740012292563
0.9779502151198525
0.9781422864167179
0.9790258143822987
0.9801782421634911
0.9795251997541488
0.9794483712354026
0.9809465273509527
0.9798709280885064
0.9797556853103873
0.9794867854947756
0.9790258143822987
0.9782575291948371
0.9794867854947756
0.9776044867854948
0.9782191149354641
0.9779886293792256
0.9783343577135832
0.9782959434542102
0.9783727719729564
0.9768362015980332
0.9770282728948986
0.9774892440073756
0.9768746158574063
0.9771435156730178
0.9782959434542102
0.9785648432698217
0.9755301167793485
0.979141057160418
0.9762984019668101
0.9765288875230486
0.9756069452980947
0.9726874615857406
0.9734173325138291
0.972841118623233
0.9750307314074985
0.9751843884449908
0.9751843884449908
0.9745313460356484
0.9767593730792871
