0.1
0.661668808926156
0.9561145245193375
0.9569775971251102
0.956563726050997
0.9564510050673971
0.9789127640531101
0.9832987879970659
0.9849290362524142
0.9859536195212555
0.9864347867049806
0.9870774645517743
0.9872928121025324
0.9875653613464606
0.9880414813219648
0.988234957637099
0.9886959359879406
0.9891451375196
0.9894917124841013
0.9898837123225906
0.989490030081361
0.9896263047033251
0.9898382874486026
0.9892157984346925
0.9896212574951042
0.9893066481826686
0.9896296695088057
0.9901562615665188
0.9914601236902495
0.9915055485642374
0.9919110076246492
0.9915038661614972
0.9922407585617475
0.9929776509619979
0.992910354852386
0.9936135991978303
0.9939500797458899
0.9932922602744335
0.9933898396333708
0.9930617710990127
0.9931071959730008
0.9944228349159135
0.9954945254614831
0.9949376501544446
0.9942966547103912
0.9954524653929756
0.9957098730122411
0.9954591950039369
0.9949426973626655
0.9952488946613997
0.9948468004064686
0.9940426118966063
0.9952724482997638
0.9950873839983311
0.9945422855104746
0.9945338734967731
0.9947441738393104
0.995454147795716
0.9945473327186956
0.9954591950039369
0.9953784396724026
0.9956594009300322
0.9959874694643903
0.9957569802889695
0.9946802425351791
0.9946903369516208
0.9969817694839062
0.9973754517251358
0.9962297354589931
0.9943706804309643
0.993973633384254
0.9941385088528032
0.9936708008910005
0.9939113844828631
0.9950503711380445
0.996392928524802
0.9959925166726111
0.9949612037928087
0.9957283794423845
0.9958629716616082
0.9961843105850051
0.9957115554149815
0.9966284649084436
0.9964248941768676
0.9971315033277927
0.9963222676097094
0.9960093407000141
0.9966267825057034
0.9965477095769094
0.996251606694617
0.9967294090728614
0.9963374092343722
0.9968034347934346
0.9956577185272919
0.995889890105453
0.9967882931687719
0.9968438124592017
0.9965073319111423
0.9965729456180138
0.996019435116456
0.9968286708345391
