0.1
0.9261677934849416
0.9342347879532883
0.870620774431469
0.9091886908420406
0.914720344191764
0.9688076213890596
0.9708051628764598
0.9727258758451137
0.9736862323294407
0.9751459741856177
0.9752612169637369
0.9763752304855562
0.9763368162261832
0.9772971727105101
0.9768362015980332
0.9775660725261217
0.9767209588199139
0.9769898586355255
0.97579901659496
0.9754917025199754
0.9752612169637369
0.9747234173325138
0.9753380454824832
0.9755301167793485
0.974339274738783
0.9739551321450522
0.9753764597418562
0.9749539028887523
0.9744929317762754
0.9752228027043639
0.9756453595574678
0.9766057160417947
0.97480024585126
0.9759526736324524
0.9766441303011678
0.9756837738168408
0.9767593730792871
0.9758758451137062
0.9722649047326367
0.9721112476951445
0.973839889366933
0.970958819913952
0.9738783036263061
0.9737246465888137
0.9749923171481254
0.9753380454824832
0.9756069452980947
0.9769898586355255
0.9774892440073756
0.9774508297480025
0.9780270436385986
0.9775660725261217
0.9780654578979717
0.9777965580823602
0.9778733866011063
0.9774124154886293
0.9781422864167179
0.9769514443761524
0.9782959434542102
0.9782959434542102
0.977719729563614
0.9784496004917025
0.9779886293792256
0.9635448678549478
0.9691149354640443
0.9710740626920713
0.971880762138906
0.9703826060233559
0.9735325752919484
0.9717655193607867
0.9727642901044868
0.9744545175169023
0.97579901659496
0.9759526736324524
0.9778349723417332
0.9784111862323295
0.9785264290104487
0.9782959434542102
0.9783343577135832
0.9784111862323295
0.978680086047941
0.9786416717885679
0.9787569145666871
0.9786416717885679
0.9788721573448064
0.9645052243392748
0.9720728334357713
0.9734941610325752
0.9713813767670559
0.9739551321450522
0.9729563614013522
0.9731868469575906
0.9754532882606023
0.976259987707437
0.977220344191764
0.9782959434542102
0.9780654578979717
0.9783727719729564
0.9784496004917025
0.9782191149354641
