0.1
0.9432996628464908
0.963234452916277
0.9643667099604972
0.9650800487223834
0.9654619541444309
0.9809905314373776
0.9844007617919608
0.9858678169815003
0.9868806234311595
0.9875720909574217
0.9883459962179586
0.9890340989387404
0.9895539613854923
0.9904069395748232
0.9910866302819034
0.9919126900273895
0.9928279171181114
0.9936489296553767
0.9946667833132566
0.9955147142943667
0.9965308855495064
0.997240859505912
0.9977052026622341
0.9982217003035054
0.9984807903255113
0.9987819404160245
0.9993001204600362
0.9996483778272778
0.9998435365451523
0.9998956910301016
0.999966351945194
0.9999848583753373
0.9999882231808179
0.9999915879862985
0.9999949527917791
0.9999899055835583
0.9999899055835583
0.9971769282017806
0.9951580449134235
0.9970170999414524
0.9979844815171235
0.9983647045364308
0.9990830905065378
0.999236189155905
0.9997493219916956
0.9999680343479344
0.9999915879862985
0.9999814935698568
0.9999966351945194
0.9999915879862985
0.9999915879862985
0.9999932703890388
0.9999915879862985
0.9999932703890388
0.9999949527917791
