0.1
0.16772377638848698
0.16939608471234277
0.16983855663304104
0.17010774107148866
0.1695172177096442
0.17274911337375587
0.17274911337375587
0.17274911337375587
0.17274911337375587
0.17274911337375587
0.17274911337375587
0.17274911337375587
0.17274911337375587
0.17274911337375587
0.17274911337375587
0.17274911337375587
0.17274911337375587
0.17274911337375587
0.17274911337375587
0.17274911337375587
0.17274911337375587
0.17274911337375587
0.17274911337375587
0.17274911337375587
0.17274911337375587
0.17274911337375587
0.17274911337375587
0.17274911337375587
0.17274911337375587
0.17274911337375587
0.17274911337375587
0.17274911337375587
0.17274911337375587
0.17274911337375587
0.17274911337375587
0.17274911337375587
0.17274911337375587
0.17274911337375587
0.17274911337375587
0.17274911337375587
0.17274911337375587
0.17274911337375587
0.17274911337375587
0.17274911337375587
0.17274911337375587
0.17274911337375587
0.17274911337375587
0.17274911337375587
0.17274911337375587
0.17274911337375587
0.17274911337375587
0.17274911337375587
0.17274911337375587
0.17274911337375587
0.17274911337375587
