0.1
0.1958743085433313
0.1958743085433313
0.1958743085433313
0.1958743085433313
0.1958743085433313
0.1958743085433313
0.1958743085433313
0.1958743085433313
0.1958743085433313
0.1958743085433313
0.1958743085433313
0.1958743085433313
0.1958743085433313
0.1958743085433313
0.1958743085433313
0.1958743085433313
0.1958743085433313
0.1958743085433313
0.1958743085433313
0.1958743085433313
0.1958743085433313
0.1958743085433313
0.1958743085433313
0.1958743085433313
0.1958743085433313
0.1958743085433313
0.1958743085433313
0.1958743085433313
0.1958743085433313
0.1958743085433313
0.1958743085433313
0.1958743085433313
0.1958743085433313
0.1958743085433313
0.1958743085433313
0.1958743085433313
0.1958743085433313
0.1958743085433313
0.1958743085433313
0.1958743085433313
0.1958743085433313
0.1958743085433313
0.1958743085433313
0.1958743085433313
0.1958743085433313
0.1958743085433313
0.1958743085433313
0.1958743085433313
0.1958743085433313
0.1958743085433313
0.1958743085433313
0.1958743085433313
0.1958743085433313
0.1958743085433313
0.1958743085433313
