0.1
0.8505572117875866
0.9533839848718345
0.9516544748548087
0.95132304151497
0.9526218564304798
0.9730546377113939
0.9793804720149129
0.9818115439746429
0.9833997321614838
0.9848465985181397
0.9859569843267361
0.9871279366339832
0.9883729146618034
0.9894631116375162
0.990541531794047
0.9917663209889837
0.9928464235482547
0.9940375646883853
0.9950402767216028
0.9958209115931008
0.9967109026427182
0.9973636749059537
0.9977371683142997
0.9980517776267354
0.9983058204405203
0.9986944554735291
0.9987499747639589
0.9986759490433857
0.9987213739173738
0.9989737343284185
0.998931674259911
0.9986271593639172
0.9988812021777022
0.9989501806900543
0.9989165326352484
0.9988795197749618
0.9988761549694812
0.9987415627502574
0.9990174767996662
0.9986338889748784
0.9987886700269858
0.998632206572138
0.9986793138488664
0.9985951937118516
0.998524532796759
0.9986288417666574
0.998931674259911
0.9985278976022396
0.9987129619036723
0.9986877258625679
0.9981544041938936
0.9981779578322577
0.9984235886323412
0.9983983525912367
0.9984269534378217
