0.1
0.9132221880762139
0.9159111862323295
0.9009680393362016
0.9222111247695144
0.8784188690842041
0.9577827289489859
0.9620851259987707
0.9650814382298709
0.9658113091579594
0.9679240934234788
0.9684618930547019
0.9687307928703135
0.9689612784265519
0.9695759065765212
0.9698832206515058
0.9704978488014752
0.9699216349108789
0.9704210202827289
0.9696143208358943
0.9692301782421635
0.9691917639827904
0.9707667486170867
0.9693454210202828
0.9676936078672403
0.9672326367547633
0.9678856791641057
0.9669637369391518
0.9661570374923172
0.9680777504609711
0.9663875230485556
0.9678088506453596
0.9665795943454211
0.9667332513829133
0.9672710510141365
0.9669253226797787
0.9665795943454211
0.9670021511985248
0.9681161647203442
0.9678856791641057
0.9657728948985863
0.9674631223110018
0.9649277811923787
0.9642747387830363
0.9655039950829748
0.9652350952673633
0.9672710510141365
0.9655424093423479
0.965619237861094
0.9686923786109404
0.964620467117394
0.9655424093423479
0.9668484941610326
0.9668100799016595
0.9638521819299324
0.9662338660110633
