0.1
0.8703675040545906
0.9315379852890704
0.9365061205811692
0.9390633727464215
0.9410805736320383
0.9628340410640861
0.9661433272542514
0.9674286829478388
0.9685996352550859
0.9693382100580765
0.9700364071953
0.9706101065297416
0.9712645611957172
0.971765917212326
0.9721309986069705
0.9723227925193645
0.9729822943935611
0.9733675646210893
0.9736569378924205
0.9739816416212979
0.9745519761502588
0.9745755297886229
0.9751795123723898
0.9754587912272792
0.9755849714328014
0.9760190313397983
0.9763235462357921
0.9763588766933383
0.9768164902386993
0.9772488677429558
0.9775247817923646
0.9777350821349018
0.9782885926364597
0.9783003694556418
0.9787007813078326
0.9789178112613309
0.9793367295436651
0.9795537594971635
0.979636197231438
0.980076986749396
0.9802418622179452
0.9806170380290316
0.9808138791496464
0.9809148233140642
0.9814161793306729
0.9815675955772997
0.98202184431718
0.9821328828980397
0.9826073204708036
0.9826325565119081
0.9830531571969825
0.9833997321614838
0.9835528308108509
0.9839280066219371
0.9841063413124087
