0.1
0.9064228641671789
0.9109941610325752
0.9460663798401967
0.9394975414874002
0.9236708666256914
0.9693070067609096
0.9715350338045482
0.9731100184388445
0.9742624462200369
0.9737246465888137
0.9745313460356484
0.9751075599262446
0.97480024585126
0.9750307314074985
0.9755685310387215
0.9751075599262446
0.9760679164105716
0.9757606023355869
0.9765673017824217
0.9764904732636754
0.9756837738168408
0.9765673017824217
0.9778349723417332
0.9767593730792871
0.977220344191764
0.9769898586355255
0.9773740012292563
0.976259987707437
0.9769898586355255
0.976259987707437
0.9777581438229871
0.9774124154886293
0.9774508297480025
0.9771435156730178
0.977181929932391
0.9775660725261217
0.9772587584511371
0.9758758451137062
0.9777965580823602
0.9763752304855562
0.977181929932391
0.9780654578979717
0.9766825445605408
0.9776044867854948
0.9778733866011063
0.9769898586355255
0.9764520590043024
0.9763368162261832
0.9764904732636754
0.9768746158574063
0.9769898586355255
0.9777965580823602
0.977220344191764
0.9759142593730793
0.9769130301167793
